2.258775169515818415e-01 2.112333765204625624e-02 5.296261958597382052e-02 -6.138062699518678222e-01 -2.534129935795803035e-01 -3.882064914600894673e-02 -2.273729492053598936e-02 -2.744593600693689961e-01 -1.686571676971068690e-01 -1.382590283958149147e-01 -2.015958298508166435e-01 2.818450135942776602e-02 3.000580885710365520e-01 8.780660584822429227e-02 1.153316289892621360e-01 -2.687110171179949488e-03 -1.302172934051344655e-01 -1.420782954194525494e-01
1.781873058652695130e-01 2.954034810163199548e-02 -2.309728460672775818e-01 2.684765319330703615e-01 -1.508282977723187090e-01 -1.854441631252539552e-02 2.589013878478588215e-02 2.627697395055359486e-01 -1.869582598820689334e-01 9.763356890490317019e-02 2.786095500156571952e-02 -2.682602388310101338e-01 1.963066815251667541e-01 1.314095158463539637e-01 -5.549903472344647898e-02 2.153677222573163741e-01 -1.862875163648782806e-01 -1.885067338239637680e-01
1.324878795621701466e-01 1.147912350109589613e-01 -3.759229886908588975e-02 2.583266146460557744e-01 -2.196183739016238090e-01 -1.212078774538612597e-01 1.981912081607326293e-01 -3.177914814822070944e-01 2.636020945550898165e-01 -2.241548801373740851e-01 -1.481746861913804114e-01 3.554771761887045578e-01 1.385625149991992766e-01 -6.577046396489452662e-02 -2.665104863448754524e-01 2.341314929296551550e-01 2.232378757971405503e-01 -3.559478544657658228e-01
1.374523022089760016e-01 9.331856038107941634e-03 -9.386107824224282012e-03 2.735719500189410236e-01 -6.629873821632674413e-02 -1.616048284675970226e-01 -2.550140577714133383e-01 -1.897714525499104299e-01 -9.133540512348063689e-02 2.155779552033589702e-02 3.498497959904208754e-01 1.669499333608159275e-01 1.183567750686352615e-01 -1.336069772546620918e-02 2.780068456973319169e-01 -4.236406285692573825e-01 -1.531058122097102847e-01 -7.952305569479024838e-02
2.203535317350728551e-01 -2.758386225889085108e-01 -1.736898910260751550e-01 -1.498418943256454687e-02 4.688666833641982334e-01 2.534259162414146394e-01 1.565388643140901148e-01 -2.407093944943163866e-01 -1.417845118965348483e-01 -1.962777057578712347e-01 -9.875849036149314530e-02 7.635963004324466952e-02 -1.901314410680195743e-01 -1.131941297015754411e-01 -6.123897078766404184e-02 5.456937995410472697e-02 4.207039768641836902e-02 6.053548074845709059e-02
1.843662737335669821e-01 -1.621888318543447116e-01 -5.319919279291726241e-04 -5.188353748476794147e-02 -3.768524366501379008e-01 1.493954104800740770e-02 6.928310577558696726e-02 7.500183746075284041e-02 1.867195210115205339e-01 -8.099522153496498122e-02 2.467367088665484709e-01 1.522742149793880964e-02 -1.255124766217677601e-01 1.586156273972222641e-01 -4.812845733968067474e-01 -1.581100309370802592e-01 7.877305449854982156e-02 2.700736083539546084e-01
1.375647193964474879e-01 -2.475191992550609676e-01 9.321619177805745560e-02 1.017944813503976753e-01 -1.067849385921109118e-01 -1.062825863540540344e-01 -2.184778581762275296e-01 -1.736975546216845689e-01 1.433233478104367908e-01 2.786177540371429506e-01 -4.758190466413532715e-01 -4.050656219152580229e-01 1.086498049638319648e-02 2.280823263052535882e-02 -8.015061268041090425e-02 -1.399593457231783911e-01 3.781003026670292505e-02 1.549463350564941055e-01
1.767157847993073294e-01 1.252845354515537968e-01 2.081325868845167737e-01 1.272750652462747711e-01 -1.082523247489294155e-01 2.879625436520203419e-01 -3.404008396365940103e-02 3.019065918234261625e-01 2.540984124382456577e-01 -2.301513817231468917e-01 -1.573336501328334025e-01 1.547371157240465299e-03 9.807875115033455604e-02 -1.411260960826670741e-01 3.548377220978564672e-01 2.864175172436517758e-01 -7.202120703821994485e-02 1.549340922417583033e-01
2.219826399064974143e-01 4.145661252761284610e-02 3.708946522382159956e-03 -9.906926833473644889e-02 2.316827215244061655e-01 -4.463099508481513725e-03 -2.528683543964577174e-01 1.625635614323539813e-01 9.002813417333703494e-02 -1.937780402095337553e-04 1.151575397801152395e-01 7.617567646074566157e-02 1.161471581513196655e-01 2.841053015485145092e-02 -1.445791165207913620e-01 2.164636664124159823e-02 2.190812818922337202e-01 2.424697940369709703e-01
1.651542275919372083e-01 2.592619766924637512e-02 -8.731622055365940993e-02 3.923769832448655709e-02 1.185260212676870345e-01 -5.421255962068159684e-02 -1.754769886254618494e-01 -1.800220646154914450e-01 1.584928155669902972e-01 2.650973673088894977e-01 -4.830391703030519762e-02 -8.476397851442855902e-02 -6.353909167239955857e-02 1.636183753974503052e-01 -1.008956455871982683e-01 1.911882908688716520e-01 -1.179476620968422929e-01 -1.662399160380884644e-01
1.984607033860043834e-01 -1.518002632096909256e-02 1.726716624114160714e-01 -4.544277817451494034e-02 2.201340379650054135e-01 -2.341490985547723669e-01 -1.186933481348694669e-01 -3.333031983733125096e-03 1.337690124745279374e-01 -2.639204622579021109e-01 8.099145782977561214e-02 -1.167934578356024794e-01 -2.430069151827919140e-03 -2.995388636876563093e-01 7.841674045523408521e-02 -2.407848979277161239e-01 -1.578437979013587456e-02 -1.186435175603873377e-01
1.594588437044004436e-01 -4.208812182901565113e-01 -1.451134008042297661e-02 2.805226024712539346e-01 5.025672583673675142e-02 2.825531332507046911e-01 2.201926857418932404e-01 5.416574589472483714e-02 -1.509958168075045404e-01 -1.158858400149648249e-01 5.288929555193606913e-02 3.919558476589220242e-02 1.666567156962389662e-01 2.457173799782962353e-01 1.852786473891200603e-01 -1.654936558363958449e-02 1.029259346831641886e-01 -2.912436559299179384e-02
1.545122078413336264e-01 -2.269525808779577214e-01 1.689149442228042031e-01 2.474857174351826478e-02 -1.763415444516157338e-01 2.788877860092076610e-01 -1.743437718873129816e-01 -1.123640101773297206e-01 3.960428187682517587e-01 2.799958659932180183e-01 1.961848342604445294e-01 6.821984680600810640e-03 -1.406325877706638694e-01 -2.543258464213819514e-01 1.809144939407231201e-01 1.338456107476427015e-01 1.245554010273035479e-02 -1.051440218739889687e-01
2.262574243683174724e-01 3.646903016081166626e-01 -3.681329900383992770e-01 -1.631716513925640178e-03 -2.767397848286769907e-02 6.844451375653795577e-02 4.848670982896013254e-02 4.829511789436250618e-02 2.805135896041752175e-01 -3.424686316302389399e-01 9.980526573651740674e-03 -3.154249449839068853e-01 -2.110454079383761727e-01 2.277374943730311463e-01 5.279631491387520859e-02 -2.086919944934146620e-01 2.194172098043235819e-02 8.280058366641784851e-02
1.646105929844178251e-01 -1.213350746830461485e-01 1.630112799084937614e-01 4.124263527192765372e-02 -1.142040573874042869e-01 3.702510829856615893e-02 -3.953752827361118466e-02 1.416618908609117156e-01 -5.348970228093057749e-02 7.037131639711684261e-02 1.035716270830178698e-01 1.381282898430626904e-01 -1.406561908664230587e-01 1.399749807197988305e-01 -1.571012553369182940e-01 -1.419130721041353960e-01 6.388465258580822148e-02 -2.500695624210652612e-01
2.053740074612645239e-01 -3.717624251328102147e-01 -1.320476114763440290e-01 -4.949412391451232102e-02 -2.264362765716561032e-01 -3.192167535745025764e-01 -2.856789571482095183e-02 1.620934286673207936e-01 -1.029835636225206741e-01 -2.239556309756524088e-01 -5.139987934061646807e-02 8.748213482046454659e-02 1.351338510629248868e-01 -2.448348376516761293e-01 1.334910162013946272e-02 1.514368260417754408e-01 -1.759689340957541759e-01 3.060339349439860634e-01
1.428289184775311527e-01 1.756137256205699271e-01 6.889473282208937732e-01 1.277495192965831805e-01 7.787597831012051108e-02 -1.737871607108747163e-02 9.756347318953188796e-02 -4.817828378839035530e-02 -1.557792858168627337e-01 -1.060264026225226086e-01 -7.762110993914751733e-02 6.114107877085339648e-02 -1.926498440956487812e-01 2.713062355926638691e-01 -1.615071201700583881e-01 6.040293277625685686e-02 -3.361829855797344724e-01 1.689162940889048503e-01
2.240036811617558687e-01 -2.243169157218113663e-01 -4.497012583779926714e-02 -3.662358473362447436e-02 2.429824945307764161e-01 2.173399664528598979e-02 1.174710897010880634e-01 1.308208121348541086e-01 1.072200369600906228e-01 5.022748954892735512e-02 -1.830044492271910295e-01 2.897421530794326919e-02 8.762740233297794043e-03 2.640193535941782674e-02 -1.298981826890845681e-01 -2.784111970695027916e-01 -2.258871283220808268e-01 -2.641370346661098822e-01
1.524315323649866050e-01 2.004935237267121972e-01 -6.166319974992813535e-02 1.266431230135115632e-02 -3.992816444015559463e-02 3.309447921754946065e-01 -3.433134500047357873e-01 1.217040737480399593e-01 -1.331319947593133102e-01 7.640287736203732472e-02 -3.366245467500124655e-01 2.472997815336418215e-01 1.545780050672195538e-01 1.927749810107250161e-01 3.127090389925500646e-02 -1.595779632323620356e-01 1.394556546810050424e-01 -6.198070106988836508e-02
2.028569891048926099e-01 1.016050226902537185e-01 -2.215721180933395359e-02 -2.697958232840087442e-02 1.745159591152780909e-01 1.109869119353905538e-02 -1.148816598027901509e-01 1.408917689406614937e-01 1.191999412088252247e-01 -4.371357741377050743e-02 8.842893377050370374e-02 6.478450122886146578e-02 2.210083281964859703e-01 -4.699543671936251554e-02 -1.468350347500689546e-01 -2.313153733869395545e-02 -2.669297434538911995e-01 -8.205159131915287785e-02
2.102448155776440730e-01 -3.968485320432745683e-02 -4.910851516147116819e-02 -2.192562072047802846e-01 -2.144217167337215402e-01 5.019429815066450695e-02 -4.163308773718060046e-02 1.398560689407042368e-01 -2.783745573532926953e-01 8.884324810395827568e-03 -7.269731541940373243e-02 2.106861617694051614e-02 -5.928356338974273276e-01 -8.647586576097304745e-02 1.280248752003826651e-01 4.696594557235891226e-02 1.502171118613424006e-01 -1.769385337324658747e-01
1.635709219591079400e-01 3.015452368612546730e-01 -5.406998249439790710e-02 1.274097796888136735e-01 6.360149827695512660e-03 1.429965791442825152e-01 1.732725399081133655e-01 -5.817193175541476857e-02 -1.379592982619493868e-01 1.522574179236422243e-01 -1.308365781133385974e-01 -6.133957166680786832e-02 -4.474199759603558757e-02 -5.734537416467480053e-01 -2.293142737304915413e-01 -7.510552088725672149e-02 -1.473591426005777805e-01 5.308389808267299087e-02
1.695485822584901769e-01 1.057507163462347993e-01 1.076131523843015525e-01 1.017059775794960513e-01 2.525177851624476211e-03 -3.092950420989363791e-01 2.946361869877304751e-01 3.541860594046425947e-01 -1.022347236325003156e-01 2.714177533438830170e-01 -1.635905765812332158e-01 7.907051982630078357e-02 8.929119132528881564e-02 -1.180712712145615545e-01 7.520027939187085009e-02 -1.885059883166240735e-01 3.692029815069848842e-01 4.091014627044094187e-03
2.156110024279677129e-01 9.774704365475707368e-02 -1.257124742364294501e-01 -5.466990700194492708e-02 1.802806840018391981e-03 -1.151090589830135458e-01 3.162478415473785054e-02 9.262861115715317895e-02 -1.339584766177527586e-01 1.826582724367056265e-01 2.541279172683253429e-01 -4.988438519989370559e-03 -1.405571833998012776e-01 2.995326793630834206e-02 3.364618430828088258e-02 2.784758875664444244e-01 -2.777689914352277079e-01 -1.630024889345275119e-01
1.904273634307768193e-01 1.143070713585496168e-01 1.658743665384046218e-01 -6.318865137872209381e-02 1.395323388645411215e-02 -1.050046302693505296e-01 7.621342148111472092e-02 -6.270652405366422544e-02 4.293728236812021509e-02 -7.284885192629464434e-02 1.194785080933783716e-01 -2.331778984629921322e-02 -7.353574202383603153e-02 1.062018785731371449e-02 2.318998514140243050e-01 -5.596156727589446378e-02 2.588484512549799055e-01 -1.027404098795840909e-01
1.028003008371976279e-01 7.330238255223628374e-02 8.759857486424711681e-02 2.063084787180969326e-01 -1.111355758501304247e-01 1.764272116980110106e-01 -2.659417736236471819e-01 -2.279063362034174367e-01 -4.439246385250940619e-01 -1.729004779049489460e-01 1.808429737562895212e-01 -3.142783999060341227e-01 1.206874210746248649e-01 -1.608503069929577700e-01 -1.818040637246914615e-01 3.875146172821535007e-02 2.403039312206318445e-01 1.757924453490117625e-02
1.931761872832000182e-01 -1.449534180304142342e-02 9.433563202926525948e-02 -6.970420533667720867e-03 2.633956831417087474e-01 -3.139957795181058664e-01 -2.788174465480676087e-02 -6.481820789872015653e-02 1.166677887259167171e-02 5.538420146779222085e-03 5.388421930236744067e-02 -2.527881880317788821e-01 5.022790829276233687e-02 1.680490355637569988e-01 6.360349274289243959e-02 3.505016958717629971e-01 2.889737120738994913e-01 -4.042526141039683163e-02
1.727052513046810067e-01 1.048622381000473697e-01 -1.614152118861287288e-01 -4.140342450990998346e-02 1.469321885451045084e-01 -5.879173975368476995e-02 -2.309617792536295955e-01 -5.575761057768686968e-02 -4.694373477499479141e-02 2.025428529233610497e-01 5.231870638801464080e-02 4.202828241715254598e-01 -4.310341307044641274e-02 2.592409741968296558e-02 -5.404230507989614407e-02 1.607617605712175768e-01 8.744068632659393603e-02 3.381702478926917332e-01
1.490318210536580590e-01 7.274536746703617884e-02 -1.672196646991747082e-01 2.750367922918071084e-01 -1.166166089516151999e-01 -1.630945149409428752e-01 1.587590485240002181e-01 -3.336350998148249203e-01 -2.819007825062648173e-02 8.266012847444434430e-02 -1.402278202628651771e-01 1.145210099932158776e-01 -1.715304173438702284e-01 1.340452022036868751e-01 3.128346457709197947e-01 -6.270683272591767721e-02 -1.432611881143136257e-01 2.875035480439218638e-01
2.122108194212808663e-01 9.489804849191517400e-02 5.150922068828781009e-02 -2.511561152325318957e-01 -1.574318511704333665e-02 2.494310560091158591e-01 4.405285182658962295e-01 -1.583957167725405790e-01 3.331378169210554713e-02 3.254448341844229931e-01 2.623976566213901407e-01 -1.226428741845064369e-01 2.898585682768775040e-01 2.530641159982636307e-02 5.221241315680516526e-02 -6.749367874204811879e-02 5.589636746686824781e-02 1.791124714329379308e-01
