-7.167084013066248038e-02 4.658247922663220630e-01 1.190310739465233747e-01 -4.701505741130277971e-01 4.388430051879119165e-01 2.722998035003760253e-01 -1.304269960835025000e-01 -3.054188740287678838e-01 9.729208303636306676e-02 9.735950377226751731e-03 1.745298505978770676e-01 1.180749472210451678e-01 -2.118737212480288346e-01 -1.278243374358828677e-01 1.929017627652937217e-01 9.881422511682458332e-02 -4.334847196204680980e-02 -3.986228674275498624e-02
-3.774893084410568117e-02 2.706512596017869865e-01 -2.446444977812441829e-02 -1.234843905408123804e-01 3.356870931151923476e-01 -3.277654234661823152e-01 -3.650687779958029094e-02 -3.883286423054517489e-02 -4.326694711960643591e-01 -1.333500139366731174e-01 -2.673023359626413020e-01 -1.597759352709800795e-01 8.897913754185926560e-02 3.267852867970882924e-01 -1.737376083949163930e-01 -3.883124801282578642e-01 1.765919186661450146e-01 2.397817454628130562e-01
-1.955235386905613409e-02 1.225712656045946786e-01 -5.810912384717888818e-02 3.120333281105132084e-01 3.443160496654990577e-01 1.011336703357950395e-01 1.007785393929371276e-01 2.108774405236487903e-01 2.971281892622110177e-01 2.086506561621349898e-01 1.879426628819850786e-01 2.124133492607041540e-01 -4.968333467074532300e-02 4.066040066169059330e-01 -2.292690947703852622e-01 -1.270282636836816692e-01 2.940348265144699380e-01 -4.042852791333603757e-01
-2.755048678737298529e-02 1.196842044906092084e-01 -1.080720014238611415e-01 3.562336458831205643e-01 4.733837018512958017e-01 -7.719663353913527870e-02 -1.503663401905100568e-02 2.916475475487142477e-01 1.015428112625127860e-01 1.067515095748435179e-02 -1.722758061073447200e-01 1.332986855704022533e-01 3.948322511637631371e-01 -1.965469278714410961e-01 3.506406881686713328e-01 1.661766851216144036e-01 -2.618507434684512192e-01 2.364961969105082717e-01
-9.064531922500718153e-02 -1.711833579375220404e-01 -8.950012711845415359e-01 -3.580859761501790084e-01 6.086313107260183514e-02 2.724089943019493074e-03 -3.200367861653836271e-02 7.060663905867985146e-02 1.193701745369426664e-01 1.323013885508386202e-02 2.085283586852856516e-02 -4.519077631759856051e-03 -2.731040288685570791e-03 3.833230934475186091e-02 -5.449266120513936162e-02 -7.740563094823744127e-03 -6.210083069142907641e-02 1.423936459553129183e-02
-2.647080718438593605e-02 -6.033936795550468024e-02 1.117510921187649664e-01 -2.380816754797663581e-01 1.057054218714228999e-01 2.116854027593735033e-01 -1.457857334016506544e-02 3.718189900813841930e-01 -3.728787666398660772e-01 5.855207678397275073e-01 8.698042000196490320e-02 -3.775112699438119557e-01 2.026193069752163789e-01 -1.029570966232923601e-01 -1.058757364567739223e-01 1.046859312826571575e-01 -5.356483528392623483e-02 -1.527542121938995912e-01
-6.459302578088074688e-04 4.590115118582828099e-03 2.143820953084570741e-03 -2.270831004851013753e-03 -4.627757870252190327e-03 -5.033989497412736866e-03 1.395758295088490343e-02 -8.965353198613098748e-03 -5.362578605593823142e-03 -1.264687851193705597e-03 2.591832895397985781e-02 -3.192071480719550075e-02 -1.982605371561354038e-02 -2.163402285470436819e-03 4.909450149338120094e-03 -5.053008523445695621e-02 6.042759746914604102e-02 -6.287291514765207256e-02
-1.238729047546743983e-01 -6.120005732286180056e-01 3.386688960054134445e-01 -3.628963352314766300e-01 3.045175083853087217e-01 -2.793969731833050862e-01 -2.001495522722792630e-01 2.397227724246626945e-01 1.706019779601631869e-01 -1.106686940159580662e-01 5.498285435830053969e-02 1.941194838818607604e-01 -6.193570930320679846e-02 2.843434172872348967e-02 3.533959942845726898e-02 -6.198306410407039557e-02 5.372853716010413810e-02 2.623070565163542270e-02
-1.064384704752294360e-02 7.583807179460194670e-02 -5.341679692321187056e-02 3.476246595574469106e-02 1.023148646652290439e-01 -2.429723884955045932e-01 -1.268241564576932656e-01 8.922767211195851977e-02 -1.804254352008465290e-01 -2.452414131984652079e-01 -4.094963874760020328e-01 -3.674701149691281948e-02 -2.321221410183109402e-01 -2.016524696855327425e-01 -1.079979464530757549e-01 2.969221262544309847e-01 -1.099083723523155975e-01 -6.543203409134369375e-01
-5.332668788550773767e-03 -1.057090795498077072e-02 2.442738081930902194e-02 -2.644110816140137626e-02 -7.273704318914203659e-02 -4.407110604724622654e-02 1.290131380804666605e-01 6.912232222098546597e-02 5.324829709479086959e-02 1.184903461636585900e-02 1.744143775867273635e-02 -2.507175444834659483e-01 -1.466859480112577552e-01 3.034137146109739391e-01 5.815237279959916128e-01 -4.283715737047756877e-01 -4.281967518700629527e-01 -2.903635141481651361e-01
-1.356727092491256600e-02 1.117684462060823253e-01 -2.950734803424887032e-02 -1.070721528587198906e-01 -9.090108699419154059e-02 2.249465969252326808e-02 2.917376218691045686e-01 3.271400698833811238e-01 -4.376806799194566944e-01 -4.368259894420966072e-01 4.968042293776026574e-01 3.263090591649545069e-01 1.424799366629785069e-01 -1.662998083034742530e-02 6.855208561647604948e-02 3.571429120064552321e-02 -1.051158598109589414e-02 -1.079938933976509197e-01
-1.516113661027014906e-02 1.305763680515954414e-02 -3.639266865125744682e-02 2.130017038942628727e-01 2.393670825895860832e-01 -1.408495353013136664e-01 2.075111349316094422e-01 1.739302630442129127e-01 1.032794346665403956e-01 -1.423256859105529737e-01 3.331881692981484289e-01 -4.653158642026092862e-01 -4.966302896699736347e-01 -3.297769146480298841e-01 -1.833873565963534957e-01 -6.607539512098174750e-02 -4.935126301692867312e-02 2.185769643348512148e-01
-8.844343221782902109e-03 4.492567331309759403e-03 -2.311208937420391237e-03 -8.728783446245401423e-02 -2.159931597816285020e-02 -2.959868170675015314e-02 2.164016110317221186e-01 1.306200283816160435e-01 2.995682987486647172e-02 -7.613493523550679543e-02 -1.031925457151106479e-01 -2.667177027421687163e-01 -1.438153794878324621e-01 3.729931642716340368e-01 3.884002238022653541e-01 5.667319535686919929e-01 4.339011281233036144e-01 1.358096394249533323e-01
-3.942173593640482809e-02 -1.189714548264320521e-01 9.747804289396406682e-03 -7.849738787817504837e-02 1.359067272585085528e-01 -4.099479804805298278e-01 6.735586028655387025e-01 -4.032623832867495706e-01 -4.929315099454247701e-02 3.268732342035137739e-01 1.512545420973196442e-02 1.604362686329431353e-01 6.395432894431794801e-02 -8.485034590540059540e-02 -2.317726623649138049e-02 1.116742208321527680e-01 -9.276108495082240057e-02 -8.398543266071230307e-02
-4.367263638790937208e-02 4.628293476800368067e-01 4.333164613388106046e-02 -1.897789062743701627e-01 -3.358556138519456780e-01 -5.921459678601764809e-01 -1.873428630694055075e-01 2.552467890655459315e-01 3.108148381744723632e-01 1.994529411132623109e-01 1.790858056647271768e-01 1.478507613603527449e-02 9.167131522043675540e-02 -3.060456596047743741e-02 -3.078437299120303713e-02 5.483835712428098558e-02 -1.084312285603674514e-02 1.451287774914876601e-02
-4.928134106858401281e-02 1.545211093813505798e-01 1.513283898359679691e-01 -3.013723972521432093e-01 -9.414877919135318518e-02 2.736099908864355057e-01 4.779066630544698824e-01 3.391963161884785638e-01 3.240269581296346124e-01 -1.572938193909772520e-01 -4.528354634838881454e-01 3.308633808943806098e-02 3.218804527103235474e-02 -6.394229956353104927e-02 -2.401361978288871213e-01 -1.341215673355810045e-01 -9.597551881147146913e-02 8.163121551783147911e-02
-2.214034252842921394e-02 -4.024289473241546983e-02 8.225551207067421933e-02 -6.345389832443747158e-02 1.080726201099073969e-01 -2.766309350187611329e-03 3.436475328895093918e-03 -2.474884408198705088e-01 2.632776376305102639e-01 -3.640701246097358679e-01 2.134988203217202396e-01 -4.614004186562424281e-01 5.581521801936032423e-01 1.455382673435759722e-01 -2.094109355611882273e-01 1.476494661945211007e-01 -1.342936950079834935e-01 -1.933416453698104664e-01
-5.207759397510378953e-03 -1.079002470273793431e-02 -6.422142551124158938e-02 -3.332715060198109674e-02 -1.406704296080056767e-02 -1.935832329056805939e-02 6.839682061813233405e-02 -3.298510731316660338e-02 8.891114609141848035e-02 -4.623384449861870499e-02 -4.342041343362626482e-02 -1.337461876043196107e-01 2.353756994873863473e-01 -4.957306409552023618e-01 3.155890308149839618e-01 -3.528560712295772950e-01 6.134949858566359771e-01 -2.273848161156831471e-01
-9.803027966191252274e-01 1.930942912481056761e-02 2.337244007197257153e-02 1.354041620107581390e-01 -1.032409337336342992e-01 5.649441711457992704e-02 -1.374142810404318897e-02 -5.161494925122561694e-02 -5.046847120105225210e-02 2.789844350212187466e-03 -9.774991036683383996e-03 -1.515228394322401702e-02 -7.226596854839065047e-03 -3.394792326834075421e-04 4.555330661131321360e-03 4.215733330838841719e-03 7.552044776031187172e-03 4.407566664056315926e-03
